{
 "cells": [
  {
   "cell_type": "code",
   "execution_count": 1,
   "metadata": {},
   "outputs": [],
   "source": [
    "import pandas as pd"
   ]
  },
  {
   "cell_type": "code",
   "execution_count": 2,
   "metadata": {},
   "outputs": [],
   "source": [
    "users = pd.read_csv(\"../data/ml-1m/users.csv\")\n",
    "movies = pd.read_csv(\"../data/ml-1m/movies.csv\")\n",
    "ratings = pd.read_csv(\"../data/ml-1m/ratings.dat\", engine=\"python\", sep=\"::\", header=None)\n",
    "\n",
    "ratings.columns = [\"user_id\", \"movie_id\", \"rating\", \"timestamp\"]"
   ]
  },
  {
   "cell_type": "code",
   "execution_count": 3,
   "metadata": {},
   "outputs": [
    {
     "data": {
      "text/html": [
       "<div>\n",
       "<style scoped>\n",
       "    .dataframe tbody tr th:only-of-type {\n",
       "        vertical-align: middle;\n",
       "    }\n",
       "\n",
       "    .dataframe tbody tr th {\n",
       "        vertical-align: top;\n",
       "    }\n",
       "\n",
       "    .dataframe thead th {\n",
       "        text-align: right;\n",
       "    }\n",
       "</style>\n",
       "<table border=\"1\" class=\"dataframe\">\n",
       "  <thead>\n",
       "    <tr style=\"text-align: right;\">\n",
       "      <th></th>\n",
       "      <th>user_id</th>\n",
       "      <th>movie_id</th>\n",
       "      <th>rating</th>\n",
       "      <th>timestamp</th>\n",
       "      <th>title</th>\n",
       "      <th>genre</th>\n",
       "      <th>year</th>\n",
       "      <th>gender</th>\n",
       "      <th>age</th>\n",
       "      <th>occupation</th>\n",
       "    </tr>\n",
       "  </thead>\n",
       "  <tbody>\n",
       "    <tr>\n",
       "      <th>0</th>\n",
       "      <td>1</td>\n",
       "      <td>1193</td>\n",
       "      <td>5</td>\n",
       "      <td>978300760</td>\n",
       "      <td>One Flew Over the Cuckoo's Nest (1975)</td>\n",
       "      <td>Drama</td>\n",
       "      <td>1970</td>\n",
       "      <td>F</td>\n",
       "      <td>Under 18</td>\n",
       "      <td>K-12 student</td>\n",
       "    </tr>\n",
       "    <tr>\n",
       "      <th>1</th>\n",
       "      <td>1</td>\n",
       "      <td>661</td>\n",
       "      <td>3</td>\n",
       "      <td>978302109</td>\n",
       "      <td>James and the Giant Peach (1996)</td>\n",
       "      <td>Animation|Children's|Musical</td>\n",
       "      <td>1990</td>\n",
       "      <td>F</td>\n",
       "      <td>Under 18</td>\n",
       "      <td>K-12 student</td>\n",
       "    </tr>\n",
       "    <tr>\n",
       "      <th>2</th>\n",
       "      <td>1</td>\n",
       "      <td>914</td>\n",
       "      <td>3</td>\n",
       "      <td>978301968</td>\n",
       "      <td>My Fair Lady (1964)</td>\n",
       "      <td>Musical|Romance</td>\n",
       "      <td>1960</td>\n",
       "      <td>F</td>\n",
       "      <td>Under 18</td>\n",
       "      <td>K-12 student</td>\n",
       "    </tr>\n",
       "    <tr>\n",
       "      <th>3</th>\n",
       "      <td>1</td>\n",
       "      <td>3408</td>\n",
       "      <td>4</td>\n",
       "      <td>978300275</td>\n",
       "      <td>Erin Brockovich (2000)</td>\n",
       "      <td>Drama</td>\n",
       "      <td>2000</td>\n",
       "      <td>F</td>\n",
       "      <td>Under 18</td>\n",
       "      <td>K-12 student</td>\n",
       "    </tr>\n",
       "    <tr>\n",
       "      <th>4</th>\n",
       "      <td>1</td>\n",
       "      <td>2355</td>\n",
       "      <td>5</td>\n",
       "      <td>978824291</td>\n",
       "      <td>Bug's Life, A (1998)</td>\n",
       "      <td>Animation|Children's|Comedy</td>\n",
       "      <td>1990</td>\n",
       "      <td>F</td>\n",
       "      <td>Under 18</td>\n",
       "      <td>K-12 student</td>\n",
       "    </tr>\n",
       "    <tr>\n",
       "      <th>...</th>\n",
       "      <td>...</td>\n",
       "      <td>...</td>\n",
       "      <td>...</td>\n",
       "      <td>...</td>\n",
       "      <td>...</td>\n",
       "      <td>...</td>\n",
       "      <td>...</td>\n",
       "      <td>...</td>\n",
       "      <td>...</td>\n",
       "      <td>...</td>\n",
       "    </tr>\n",
       "    <tr>\n",
       "      <th>1000204</th>\n",
       "      <td>4211</td>\n",
       "      <td>3791</td>\n",
       "      <td>2</td>\n",
       "      <td>965319075</td>\n",
       "      <td>Footloose (1984)</td>\n",
       "      <td>Drama</td>\n",
       "      <td>1980</td>\n",
       "      <td>M</td>\n",
       "      <td>45-49</td>\n",
       "      <td>customer service</td>\n",
       "    </tr>\n",
       "    <tr>\n",
       "      <th>1000205</th>\n",
       "      <td>4211</td>\n",
       "      <td>3806</td>\n",
       "      <td>3</td>\n",
       "      <td>965319138</td>\n",
       "      <td>MacKenna's Gold (1969)</td>\n",
       "      <td>Western</td>\n",
       "      <td>1960</td>\n",
       "      <td>M</td>\n",
       "      <td>45-49</td>\n",
       "      <td>customer service</td>\n",
       "    </tr>\n",
       "    <tr>\n",
       "      <th>1000206</th>\n",
       "      <td>4211</td>\n",
       "      <td>3840</td>\n",
       "      <td>4</td>\n",
       "      <td>965319197</td>\n",
       "      <td>Pumpkinhead (1988)</td>\n",
       "      <td>Horror</td>\n",
       "      <td>1980</td>\n",
       "      <td>M</td>\n",
       "      <td>45-49</td>\n",
       "      <td>customer service</td>\n",
       "    </tr>\n",
       "    <tr>\n",
       "      <th>1000207</th>\n",
       "      <td>4211</td>\n",
       "      <td>3766</td>\n",
       "      <td>2</td>\n",
       "      <td>965319138</td>\n",
       "      <td>Missing in Action (1984)</td>\n",
       "      <td>Action|War</td>\n",
       "      <td>1980</td>\n",
       "      <td>M</td>\n",
       "      <td>45-49</td>\n",
       "      <td>customer service</td>\n",
       "    </tr>\n",
       "    <tr>\n",
       "      <th>1000208</th>\n",
       "      <td>4211</td>\n",
       "      <td>3834</td>\n",
       "      <td>2</td>\n",
       "      <td>965318885</td>\n",
       "      <td>Bronco Billy (1980)</td>\n",
       "      <td>Adventure|Drama|Romance</td>\n",
       "      <td>1980</td>\n",
       "      <td>M</td>\n",
       "      <td>45-49</td>\n",
       "      <td>customer service</td>\n",
       "    </tr>\n",
       "  </tbody>\n",
       "</table>\n",
       "<p>1000209 rows × 10 columns</p>\n",
       "</div>"
      ],
      "text/plain": [
       "         user_id  movie_id  rating  timestamp  \\\n",
       "0              1      1193       5  978300760   \n",
       "1              1       661       3  978302109   \n",
       "2              1       914       3  978301968   \n",
       "3              1      3408       4  978300275   \n",
       "4              1      2355       5  978824291   \n",
       "...          ...       ...     ...        ...   \n",
       "1000204     4211      3791       2  965319075   \n",
       "1000205     4211      3806       3  965319138   \n",
       "1000206     4211      3840       4  965319197   \n",
       "1000207     4211      3766       2  965319138   \n",
       "1000208     4211      3834       2  965318885   \n",
       "\n",
       "                                          title                         genre  \\\n",
       "0        One Flew Over the Cuckoo's Nest (1975)                         Drama   \n",
       "1              James and the Giant Peach (1996)  Animation|Children's|Musical   \n",
       "2                           My Fair Lady (1964)               Musical|Romance   \n",
       "3                        Erin Brockovich (2000)                         Drama   \n",
       "4                          Bug's Life, A (1998)   Animation|Children's|Comedy   \n",
       "...                                         ...                           ...   \n",
       "1000204                        Footloose (1984)                         Drama   \n",
       "1000205                  MacKenna's Gold (1969)                       Western   \n",
       "1000206                      Pumpkinhead (1988)                        Horror   \n",
       "1000207                Missing in Action (1984)                    Action|War   \n",
       "1000208                     Bronco Billy (1980)       Adventure|Drama|Romance   \n",
       "\n",
       "         year gender       age        occupation  \n",
       "0        1970      F  Under 18      K-12 student  \n",
       "1        1990      F  Under 18      K-12 student  \n",
       "2        1960      F  Under 18      K-12 student  \n",
       "3        2000      F  Under 18      K-12 student  \n",
       "4        1990      F  Under 18      K-12 student  \n",
       "...       ...    ...       ...               ...  \n",
       "1000204  1980      M     45-49  customer service  \n",
       "1000205  1960      M     45-49  customer service  \n",
       "1000206  1980      M     45-49  customer service  \n",
       "1000207  1980      M     45-49  customer service  \n",
       "1000208  1980      M     45-49  customer service  \n",
       "\n",
       "[1000209 rows x 10 columns]"
      ]
     },
     "execution_count": 3,
     "metadata": {},
     "output_type": "execute_result"
    }
   ],
   "source": [
    "df = pd.merge(ratings, movies, how=\"inner\", on=\"movie_id\")\n",
    "df = pd.merge(df, users, how=\"inner\", on=\"user_id\")\n",
    "df"
   ]
  },
  {
   "cell_type": "code",
   "execution_count": 4,
   "metadata": {},
   "outputs": [],
   "source": [
    "genre_counts = {}\n",
    "\n",
    "for _, row in df.iterrows():\n",
    "    target = row.gender\n",
    "    # if row.rating < 4: continue\n",
    "    if target not in genre_counts:\n",
    "        genre_counts[target] = {}\n",
    "    for genre in row.genre.split(\"|\"):\n",
    "        if genre not in genre_counts[target]:\n",
    "            genre_counts[target][genre] = 0\n",
    "        genre_counts[target][genre] += 1"
   ]
  },
  {
   "cell_type": "code",
   "execution_count": 5,
   "metadata": {},
   "outputs": [
    {
     "data": {
      "text/html": [
       "<div>\n",
       "<style scoped>\n",
       "    .dataframe tbody tr th:only-of-type {\n",
       "        vertical-align: middle;\n",
       "    }\n",
       "\n",
       "    .dataframe tbody tr th {\n",
       "        vertical-align: top;\n",
       "    }\n",
       "\n",
       "    .dataframe thead th {\n",
       "        text-align: right;\n",
       "    }\n",
       "</style>\n",
       "<table border=\"1\" class=\"dataframe\">\n",
       "  <thead>\n",
       "    <tr style=\"text-align: right;\">\n",
       "      <th></th>\n",
       "      <th>F</th>\n",
       "      <th>M</th>\n",
       "    </tr>\n",
       "  </thead>\n",
       "  <tbody>\n",
       "    <tr>\n",
       "      <th>Drama</th>\n",
       "      <td>0.194002</td>\n",
       "      <td>0.160649</td>\n",
       "    </tr>\n",
       "    <tr>\n",
       "      <th>Animation</th>\n",
       "      <td>0.024155</td>\n",
       "      <td>0.019470</td>\n",
       "    </tr>\n",
       "    <tr>\n",
       "      <th>Children's</th>\n",
       "      <td>0.042134</td>\n",
       "      <td>0.031875</td>\n",
       "    </tr>\n",
       "    <tr>\n",
       "      <th>Musical</th>\n",
       "      <td>0.026693</td>\n",
       "      <td>0.017563</td>\n",
       "    </tr>\n",
       "    <tr>\n",
       "      <th>Romance</th>\n",
       "      <td>0.099414</td>\n",
       "      <td>0.060923</td>\n",
       "    </tr>\n",
       "    <tr>\n",
       "      <th>Comedy</th>\n",
       "      <td>0.190283</td>\n",
       "      <td>0.163113</td>\n",
       "    </tr>\n",
       "    <tr>\n",
       "      <th>Action</th>\n",
       "      <td>0.090229</td>\n",
       "      <td>0.132721</td>\n",
       "    </tr>\n",
       "    <tr>\n",
       "      <th>Adventure</th>\n",
       "      <td>0.054023</td>\n",
       "      <td>0.066810</td>\n",
       "    </tr>\n",
       "    <tr>\n",
       "      <th>Fantasy</th>\n",
       "      <td>0.017231</td>\n",
       "      <td>0.017284</td>\n",
       "    </tr>\n",
       "    <tr>\n",
       "      <th>Sci-Fi</th>\n",
       "      <td>0.054157</td>\n",
       "      <td>0.081393</td>\n",
       "    </tr>\n",
       "    <tr>\n",
       "      <th>War</th>\n",
       "      <td>0.027855</td>\n",
       "      <td>0.034109</td>\n",
       "    </tr>\n",
       "    <tr>\n",
       "      <th>Thriller</th>\n",
       "      <td>0.079670</td>\n",
       "      <td>0.093599</td>\n",
       "    </tr>\n",
       "    <tr>\n",
       "      <th>Crime</th>\n",
       "      <td>0.032498</td>\n",
       "      <td>0.039539</td>\n",
       "    </tr>\n",
       "    <tr>\n",
       "      <th>Mystery</th>\n",
       "      <td>0.019718</td>\n",
       "      <td>0.018925</td>\n",
       "    </tr>\n",
       "    <tr>\n",
       "      <th>Western</th>\n",
       "      <td>0.006872</td>\n",
       "      <td>0.010782</td>\n",
       "    </tr>\n",
       "    <tr>\n",
       "      <th>Horror</th>\n",
       "      <td>0.028927</td>\n",
       "      <td>0.038694</td>\n",
       "    </tr>\n",
       "    <tr>\n",
       "      <th>Film-Noir</th>\n",
       "      <td>0.008305</td>\n",
       "      <td>0.008810</td>\n",
       "    </tr>\n",
       "    <tr>\n",
       "      <th>Documentary</th>\n",
       "      <td>0.003834</td>\n",
       "      <td>0.003741</td>\n",
       "    </tr>\n",
       "  </tbody>\n",
       "</table>\n",
       "</div>"
      ],
      "text/plain": [
       "                    F         M\n",
       "Drama        0.194002  0.160649\n",
       "Animation    0.024155  0.019470\n",
       "Children's   0.042134  0.031875\n",
       "Musical      0.026693  0.017563\n",
       "Romance      0.099414  0.060923\n",
       "Comedy       0.190283  0.163113\n",
       "Action       0.090229  0.132721\n",
       "Adventure    0.054023  0.066810\n",
       "Fantasy      0.017231  0.017284\n",
       "Sci-Fi       0.054157  0.081393\n",
       "War          0.027855  0.034109\n",
       "Thriller     0.079670  0.093599\n",
       "Crime        0.032498  0.039539\n",
       "Mystery      0.019718  0.018925\n",
       "Western      0.006872  0.010782\n",
       "Horror       0.028927  0.038694\n",
       "Film-Noir    0.008305  0.008810\n",
       "Documentary  0.003834  0.003741"
      ]
     },
     "execution_count": 5,
     "metadata": {},
     "output_type": "execute_result"
    }
   ],
   "source": [
    "genre_df = pd.DataFrame(genre_counts)\n",
    "genre_df /= genre_df.sum()\n",
    "genre_df"
   ]
  },
  {
   "cell_type": "code",
   "execution_count": 27,
   "metadata": {},
   "outputs": [
    {
     "data": {
      "text/html": [
       "<div>\n",
       "<style scoped>\n",
       "    .dataframe tbody tr th:only-of-type {\n",
       "        vertical-align: middle;\n",
       "    }\n",
       "\n",
       "    .dataframe tbody tr th {\n",
       "        vertical-align: top;\n",
       "    }\n",
       "\n",
       "    .dataframe thead th {\n",
       "        text-align: right;\n",
       "    }\n",
       "</style>\n",
       "<table border=\"1\" class=\"dataframe\">\n",
       "  <thead>\n",
       "    <tr style=\"text-align: right;\">\n",
       "      <th></th>\n",
       "      <th>F</th>\n",
       "      <th>M</th>\n",
       "      <th>Ave</th>\n",
       "      <th>M_p</th>\n",
       "      <th>F_p</th>\n",
       "    </tr>\n",
       "  </thead>\n",
       "  <tbody>\n",
       "    <tr>\n",
       "      <th>Drama</th>\n",
       "      <td>0.194002</td>\n",
       "      <td>0.160649</td>\n",
       "      <td>0.177326</td>\n",
       "      <td>-0.094046</td>\n",
       "      <td>0.094046</td>\n",
       "    </tr>\n",
       "    <tr>\n",
       "      <th>Animation</th>\n",
       "      <td>0.024155</td>\n",
       "      <td>0.019470</td>\n",
       "      <td>0.021813</td>\n",
       "      <td>-0.107392</td>\n",
       "      <td>0.107392</td>\n",
       "    </tr>\n",
       "    <tr>\n",
       "      <th>Children's</th>\n",
       "      <td>0.042134</td>\n",
       "      <td>0.031875</td>\n",
       "      <td>0.037004</td>\n",
       "      <td>-0.138611</td>\n",
       "      <td>0.138611</td>\n",
       "    </tr>\n",
       "    <tr>\n",
       "      <th>Musical</th>\n",
       "      <td>0.026693</td>\n",
       "      <td>0.017563</td>\n",
       "      <td>0.022128</td>\n",
       "      <td>-0.206307</td>\n",
       "      <td>0.206307</td>\n",
       "    </tr>\n",
       "    <tr>\n",
       "      <th>Romance</th>\n",
       "      <td>0.099414</td>\n",
       "      <td>0.060923</td>\n",
       "      <td>0.080168</td>\n",
       "      <td>-0.240059</td>\n",
       "      <td>0.240059</td>\n",
       "    </tr>\n",
       "    <tr>\n",
       "      <th>Comedy</th>\n",
       "      <td>0.190283</td>\n",
       "      <td>0.163113</td>\n",
       "      <td>0.176698</td>\n",
       "      <td>-0.076880</td>\n",
       "      <td>0.076880</td>\n",
       "    </tr>\n",
       "    <tr>\n",
       "      <th>Action</th>\n",
       "      <td>0.090229</td>\n",
       "      <td>0.132721</td>\n",
       "      <td>0.111475</td>\n",
       "      <td>0.190593</td>\n",
       "      <td>-0.190593</td>\n",
       "    </tr>\n",
       "    <tr>\n",
       "      <th>Adventure</th>\n",
       "      <td>0.054023</td>\n",
       "      <td>0.066810</td>\n",
       "      <td>0.060416</td>\n",
       "      <td>0.105830</td>\n",
       "      <td>-0.105830</td>\n",
       "    </tr>\n",
       "    <tr>\n",
       "      <th>Fantasy</th>\n",
       "      <td>0.017231</td>\n",
       "      <td>0.017284</td>\n",
       "      <td>0.017258</td>\n",
       "      <td>0.001521</td>\n",
       "      <td>-0.001521</td>\n",
       "    </tr>\n",
       "    <tr>\n",
       "      <th>Sci-Fi</th>\n",
       "      <td>0.054157</td>\n",
       "      <td>0.081393</td>\n",
       "      <td>0.067775</td>\n",
       "      <td>0.200933</td>\n",
       "      <td>-0.200933</td>\n",
       "    </tr>\n",
       "    <tr>\n",
       "      <th>War</th>\n",
       "      <td>0.027855</td>\n",
       "      <td>0.034109</td>\n",
       "      <td>0.030982</td>\n",
       "      <td>0.100927</td>\n",
       "      <td>-0.100927</td>\n",
       "    </tr>\n",
       "    <tr>\n",
       "      <th>Thriller</th>\n",
       "      <td>0.079670</td>\n",
       "      <td>0.093599</td>\n",
       "      <td>0.086634</td>\n",
       "      <td>0.080388</td>\n",
       "      <td>-0.080388</td>\n",
       "    </tr>\n",
       "    <tr>\n",
       "      <th>Crime</th>\n",
       "      <td>0.032498</td>\n",
       "      <td>0.039539</td>\n",
       "      <td>0.036018</td>\n",
       "      <td>0.097736</td>\n",
       "      <td>-0.097736</td>\n",
       "    </tr>\n",
       "    <tr>\n",
       "      <th>Mystery</th>\n",
       "      <td>0.019718</td>\n",
       "      <td>0.018925</td>\n",
       "      <td>0.019321</td>\n",
       "      <td>-0.020518</td>\n",
       "      <td>0.020518</td>\n",
       "    </tr>\n",
       "    <tr>\n",
       "      <th>Western</th>\n",
       "      <td>0.006872</td>\n",
       "      <td>0.010782</td>\n",
       "      <td>0.008827</td>\n",
       "      <td>0.221431</td>\n",
       "      <td>-0.221431</td>\n",
       "    </tr>\n",
       "    <tr>\n",
       "      <th>Horror</th>\n",
       "      <td>0.028927</td>\n",
       "      <td>0.038694</td>\n",
       "      <td>0.033810</td>\n",
       "      <td>0.144446</td>\n",
       "      <td>-0.144446</td>\n",
       "    </tr>\n",
       "    <tr>\n",
       "      <th>Film-Noir</th>\n",
       "      <td>0.008305</td>\n",
       "      <td>0.008810</td>\n",
       "      <td>0.008557</td>\n",
       "      <td>0.029459</td>\n",
       "      <td>-0.029459</td>\n",
       "    </tr>\n",
       "    <tr>\n",
       "      <th>Documentary</th>\n",
       "      <td>0.003834</td>\n",
       "      <td>0.003741</td>\n",
       "      <td>0.003788</td>\n",
       "      <td>-0.012353</td>\n",
       "      <td>0.012353</td>\n",
       "    </tr>\n",
       "  </tbody>\n",
       "</table>\n",
       "</div>"
      ],
      "text/plain": [
       "                    F         M       Ave       M_p       F_p\n",
       "Drama        0.194002  0.160649  0.177326 -0.094046  0.094046\n",
       "Animation    0.024155  0.019470  0.021813 -0.107392  0.107392\n",
       "Children's   0.042134  0.031875  0.037004 -0.138611  0.138611\n",
       "Musical      0.026693  0.017563  0.022128 -0.206307  0.206307\n",
       "Romance      0.099414  0.060923  0.080168 -0.240059  0.240059\n",
       "Comedy       0.190283  0.163113  0.176698 -0.076880  0.076880\n",
       "Action       0.090229  0.132721  0.111475  0.190593 -0.190593\n",
       "Adventure    0.054023  0.066810  0.060416  0.105830 -0.105830\n",
       "Fantasy      0.017231  0.017284  0.017258  0.001521 -0.001521\n",
       "Sci-Fi       0.054157  0.081393  0.067775  0.200933 -0.200933\n",
       "War          0.027855  0.034109  0.030982  0.100927 -0.100927\n",
       "Thriller     0.079670  0.093599  0.086634  0.080388 -0.080388\n",
       "Crime        0.032498  0.039539  0.036018  0.097736 -0.097736\n",
       "Mystery      0.019718  0.018925  0.019321 -0.020518  0.020518\n",
       "Western      0.006872  0.010782  0.008827  0.221431 -0.221431\n",
       "Horror       0.028927  0.038694  0.033810  0.144446 -0.144446\n",
       "Film-Noir    0.008305  0.008810  0.008557  0.029459 -0.029459\n",
       "Documentary  0.003834  0.003741  0.003788 -0.012353  0.012353"
      ]
     },
     "execution_count": 27,
     "metadata": {},
     "output_type": "execute_result"
    }
   ],
   "source": [
    "genre_df[\"Ave\"] = genre_df.apply(lambda row: (row.M + row.F) / 2, axis=1)\n",
    "genre_df[\"M_p\"] = genre_df.apply(lambda row: (row.M - row.Ave) / row.Ave, axis=1)\n",
    "genre_df[\"F_p\"] = genre_df.apply(lambda row: (row.F - row.Ave) / row.Ave, axis=1)\n",
    "genre_df"
   ]
  },
  {
   "cell_type": "code",
   "execution_count": 28,
   "metadata": {},
   "outputs": [
    {
     "data": {
      "text/html": [
       "<div>\n",
       "<style scoped>\n",
       "    .dataframe tbody tr th:only-of-type {\n",
       "        vertical-align: middle;\n",
       "    }\n",
       "\n",
       "    .dataframe tbody tr th {\n",
       "        vertical-align: top;\n",
       "    }\n",
       "\n",
       "    .dataframe thead th {\n",
       "        text-align: right;\n",
       "    }\n",
       "</style>\n",
       "<table border=\"1\" class=\"dataframe\">\n",
       "  <thead>\n",
       "    <tr style=\"text-align: right;\">\n",
       "      <th></th>\n",
       "      <th>F</th>\n",
       "      <th>M</th>\n",
       "      <th>Ave</th>\n",
       "      <th>M_p</th>\n",
       "      <th>F_p</th>\n",
       "    </tr>\n",
       "  </thead>\n",
       "  <tbody>\n",
       "    <tr>\n",
       "      <th>Romance</th>\n",
       "      <td>0.099414</td>\n",
       "      <td>0.060923</td>\n",
       "      <td>0.080168</td>\n",
       "      <td>-0.240059</td>\n",
       "      <td>0.240059</td>\n",
       "    </tr>\n",
       "    <tr>\n",
       "      <th>Musical</th>\n",
       "      <td>0.026693</td>\n",
       "      <td>0.017563</td>\n",
       "      <td>0.022128</td>\n",
       "      <td>-0.206307</td>\n",
       "      <td>0.206307</td>\n",
       "    </tr>\n",
       "    <tr>\n",
       "      <th>Children's</th>\n",
       "      <td>0.042134</td>\n",
       "      <td>0.031875</td>\n",
       "      <td>0.037004</td>\n",
       "      <td>-0.138611</td>\n",
       "      <td>0.138611</td>\n",
       "    </tr>\n",
       "    <tr>\n",
       "      <th>Animation</th>\n",
       "      <td>0.024155</td>\n",
       "      <td>0.019470</td>\n",
       "      <td>0.021813</td>\n",
       "      <td>-0.107392</td>\n",
       "      <td>0.107392</td>\n",
       "    </tr>\n",
       "    <tr>\n",
       "      <th>Drama</th>\n",
       "      <td>0.194002</td>\n",
       "      <td>0.160649</td>\n",
       "      <td>0.177326</td>\n",
       "      <td>-0.094046</td>\n",
       "      <td>0.094046</td>\n",
       "    </tr>\n",
       "    <tr>\n",
       "      <th>Comedy</th>\n",
       "      <td>0.190283</td>\n",
       "      <td>0.163113</td>\n",
       "      <td>0.176698</td>\n",
       "      <td>-0.076880</td>\n",
       "      <td>0.076880</td>\n",
       "    </tr>\n",
       "    <tr>\n",
       "      <th>Mystery</th>\n",
       "      <td>0.019718</td>\n",
       "      <td>0.018925</td>\n",
       "      <td>0.019321</td>\n",
       "      <td>-0.020518</td>\n",
       "      <td>0.020518</td>\n",
       "    </tr>\n",
       "    <tr>\n",
       "      <th>Documentary</th>\n",
       "      <td>0.003834</td>\n",
       "      <td>0.003741</td>\n",
       "      <td>0.003788</td>\n",
       "      <td>-0.012353</td>\n",
       "      <td>0.012353</td>\n",
       "    </tr>\n",
       "    <tr>\n",
       "      <th>Fantasy</th>\n",
       "      <td>0.017231</td>\n",
       "      <td>0.017284</td>\n",
       "      <td>0.017258</td>\n",
       "      <td>0.001521</td>\n",
       "      <td>-0.001521</td>\n",
       "    </tr>\n",
       "    <tr>\n",
       "      <th>Film-Noir</th>\n",
       "      <td>0.008305</td>\n",
       "      <td>0.008810</td>\n",
       "      <td>0.008557</td>\n",
       "      <td>0.029459</td>\n",
       "      <td>-0.029459</td>\n",
       "    </tr>\n",
       "    <tr>\n",
       "      <th>Thriller</th>\n",
       "      <td>0.079670</td>\n",
       "      <td>0.093599</td>\n",
       "      <td>0.086634</td>\n",
       "      <td>0.080388</td>\n",
       "      <td>-0.080388</td>\n",
       "    </tr>\n",
       "    <tr>\n",
       "      <th>Crime</th>\n",
       "      <td>0.032498</td>\n",
       "      <td>0.039539</td>\n",
       "      <td>0.036018</td>\n",
       "      <td>0.097736</td>\n",
       "      <td>-0.097736</td>\n",
       "    </tr>\n",
       "    <tr>\n",
       "      <th>War</th>\n",
       "      <td>0.027855</td>\n",
       "      <td>0.034109</td>\n",
       "      <td>0.030982</td>\n",
       "      <td>0.100927</td>\n",
       "      <td>-0.100927</td>\n",
       "    </tr>\n",
       "    <tr>\n",
       "      <th>Adventure</th>\n",
       "      <td>0.054023</td>\n",
       "      <td>0.066810</td>\n",
       "      <td>0.060416</td>\n",
       "      <td>0.105830</td>\n",
       "      <td>-0.105830</td>\n",
       "    </tr>\n",
       "    <tr>\n",
       "      <th>Horror</th>\n",
       "      <td>0.028927</td>\n",
       "      <td>0.038694</td>\n",
       "      <td>0.033810</td>\n",
       "      <td>0.144446</td>\n",
       "      <td>-0.144446</td>\n",
       "    </tr>\n",
       "    <tr>\n",
       "      <th>Action</th>\n",
       "      <td>0.090229</td>\n",
       "      <td>0.132721</td>\n",
       "      <td>0.111475</td>\n",
       "      <td>0.190593</td>\n",
       "      <td>-0.190593</td>\n",
       "    </tr>\n",
       "    <tr>\n",
       "      <th>Sci-Fi</th>\n",
       "      <td>0.054157</td>\n",
       "      <td>0.081393</td>\n",
       "      <td>0.067775</td>\n",
       "      <td>0.200933</td>\n",
       "      <td>-0.200933</td>\n",
       "    </tr>\n",
       "    <tr>\n",
       "      <th>Western</th>\n",
       "      <td>0.006872</td>\n",
       "      <td>0.010782</td>\n",
       "      <td>0.008827</td>\n",
       "      <td>0.221431</td>\n",
       "      <td>-0.221431</td>\n",
       "    </tr>\n",
       "  </tbody>\n",
       "</table>\n",
       "</div>"
      ],
      "text/plain": [
       "                    F         M       Ave       M_p       F_p\n",
       "Romance      0.099414  0.060923  0.080168 -0.240059  0.240059\n",
       "Musical      0.026693  0.017563  0.022128 -0.206307  0.206307\n",
       "Children's   0.042134  0.031875  0.037004 -0.138611  0.138611\n",
       "Animation    0.024155  0.019470  0.021813 -0.107392  0.107392\n",
       "Drama        0.194002  0.160649  0.177326 -0.094046  0.094046\n",
       "Comedy       0.190283  0.163113  0.176698 -0.076880  0.076880\n",
       "Mystery      0.019718  0.018925  0.019321 -0.020518  0.020518\n",
       "Documentary  0.003834  0.003741  0.003788 -0.012353  0.012353\n",
       "Fantasy      0.017231  0.017284  0.017258  0.001521 -0.001521\n",
       "Film-Noir    0.008305  0.008810  0.008557  0.029459 -0.029459\n",
       "Thriller     0.079670  0.093599  0.086634  0.080388 -0.080388\n",
       "Crime        0.032498  0.039539  0.036018  0.097736 -0.097736\n",
       "War          0.027855  0.034109  0.030982  0.100927 -0.100927\n",
       "Adventure    0.054023  0.066810  0.060416  0.105830 -0.105830\n",
       "Horror       0.028927  0.038694  0.033810  0.144446 -0.144446\n",
       "Action       0.090229  0.132721  0.111475  0.190593 -0.190593\n",
       "Sci-Fi       0.054157  0.081393  0.067775  0.200933 -0.200933\n",
       "Western      0.006872  0.010782  0.008827  0.221431 -0.221431"
      ]
     },
     "execution_count": 28,
     "metadata": {},
     "output_type": "execute_result"
    }
   ],
   "source": [
    "genre_df.sort_values(\"F_p\", ascending=False)"
   ]
  },
  {
   "cell_type": "code",
   "execution_count": 8,
   "metadata": {},
   "outputs": [
    {
     "data": {
      "text/html": [
       "<div>\n",
       "<style scoped>\n",
       "    .dataframe tbody tr th:only-of-type {\n",
       "        vertical-align: middle;\n",
       "    }\n",
       "\n",
       "    .dataframe tbody tr th {\n",
       "        vertical-align: top;\n",
       "    }\n",
       "\n",
       "    .dataframe thead th {\n",
       "        text-align: right;\n",
       "    }\n",
       "</style>\n",
       "<table border=\"1\" class=\"dataframe\">\n",
       "  <thead>\n",
       "    <tr style=\"text-align: right;\">\n",
       "      <th></th>\n",
       "      <th>F</th>\n",
       "      <th>M</th>\n",
       "      <th>Ave</th>\n",
       "      <th>M_p</th>\n",
       "      <th>F_p</th>\n",
       "    </tr>\n",
       "  </thead>\n",
       "  <tbody>\n",
       "    <tr>\n",
       "      <th>Western</th>\n",
       "      <td>0.006872</td>\n",
       "      <td>0.010782</td>\n",
       "      <td>0.008827</td>\n",
       "      <td>0.221431</td>\n",
       "      <td>-0.221431</td>\n",
       "    </tr>\n",
       "    <tr>\n",
       "      <th>Sci-Fi</th>\n",
       "      <td>0.054157</td>\n",
       "      <td>0.081393</td>\n",
       "      <td>0.067775</td>\n",
       "      <td>0.200933</td>\n",
       "      <td>-0.200933</td>\n",
       "    </tr>\n",
       "    <tr>\n",
       "      <th>Action</th>\n",
       "      <td>0.090229</td>\n",
       "      <td>0.132721</td>\n",
       "      <td>0.111475</td>\n",
       "      <td>0.190593</td>\n",
       "      <td>-0.190593</td>\n",
       "    </tr>\n",
       "    <tr>\n",
       "      <th>Horror</th>\n",
       "      <td>0.028927</td>\n",
       "      <td>0.038694</td>\n",
       "      <td>0.033810</td>\n",
       "      <td>0.144446</td>\n",
       "      <td>-0.144446</td>\n",
       "    </tr>\n",
       "    <tr>\n",
       "      <th>Adventure</th>\n",
       "      <td>0.054023</td>\n",
       "      <td>0.066810</td>\n",
       "      <td>0.060416</td>\n",
       "      <td>0.105830</td>\n",
       "      <td>-0.105830</td>\n",
       "    </tr>\n",
       "    <tr>\n",
       "      <th>War</th>\n",
       "      <td>0.027855</td>\n",
       "      <td>0.034109</td>\n",
       "      <td>0.030982</td>\n",
       "      <td>0.100927</td>\n",
       "      <td>-0.100927</td>\n",
       "    </tr>\n",
       "    <tr>\n",
       "      <th>Crime</th>\n",
       "      <td>0.032498</td>\n",
       "      <td>0.039539</td>\n",
       "      <td>0.036018</td>\n",
       "      <td>0.097736</td>\n",
       "      <td>-0.097736</td>\n",
       "    </tr>\n",
       "    <tr>\n",
       "      <th>Thriller</th>\n",
       "      <td>0.079670</td>\n",
       "      <td>0.093599</td>\n",
       "      <td>0.086634</td>\n",
       "      <td>0.080388</td>\n",
       "      <td>-0.080388</td>\n",
       "    </tr>\n",
       "    <tr>\n",
       "      <th>Film-Noir</th>\n",
       "      <td>0.008305</td>\n",
       "      <td>0.008810</td>\n",
       "      <td>0.008557</td>\n",
       "      <td>0.029459</td>\n",
       "      <td>-0.029459</td>\n",
       "    </tr>\n",
       "    <tr>\n",
       "      <th>Fantasy</th>\n",
       "      <td>0.017231</td>\n",
       "      <td>0.017284</td>\n",
       "      <td>0.017258</td>\n",
       "      <td>0.001521</td>\n",
       "      <td>-0.001521</td>\n",
       "    </tr>\n",
       "    <tr>\n",
       "      <th>Documentary</th>\n",
       "      <td>0.003834</td>\n",
       "      <td>0.003741</td>\n",
       "      <td>0.003788</td>\n",
       "      <td>-0.012353</td>\n",
       "      <td>0.012353</td>\n",
       "    </tr>\n",
       "    <tr>\n",
       "      <th>Mystery</th>\n",
       "      <td>0.019718</td>\n",
       "      <td>0.018925</td>\n",
       "      <td>0.019321</td>\n",
       "      <td>-0.020518</td>\n",
       "      <td>0.020518</td>\n",
       "    </tr>\n",
       "    <tr>\n",
       "      <th>Comedy</th>\n",
       "      <td>0.190283</td>\n",
       "      <td>0.163113</td>\n",
       "      <td>0.176698</td>\n",
       "      <td>-0.076880</td>\n",
       "      <td>0.076880</td>\n",
       "    </tr>\n",
       "    <tr>\n",
       "      <th>Drama</th>\n",
       "      <td>0.194002</td>\n",
       "      <td>0.160649</td>\n",
       "      <td>0.177326</td>\n",
       "      <td>-0.094046</td>\n",
       "      <td>0.094046</td>\n",
       "    </tr>\n",
       "    <tr>\n",
       "      <th>Animation</th>\n",
       "      <td>0.024155</td>\n",
       "      <td>0.019470</td>\n",
       "      <td>0.021813</td>\n",
       "      <td>-0.107392</td>\n",
       "      <td>0.107392</td>\n",
       "    </tr>\n",
       "    <tr>\n",
       "      <th>Children's</th>\n",
       "      <td>0.042134</td>\n",
       "      <td>0.031875</td>\n",
       "      <td>0.037004</td>\n",
       "      <td>-0.138611</td>\n",
       "      <td>0.138611</td>\n",
       "    </tr>\n",
       "    <tr>\n",
       "      <th>Musical</th>\n",
       "      <td>0.026693</td>\n",
       "      <td>0.017563</td>\n",
       "      <td>0.022128</td>\n",
       "      <td>-0.206307</td>\n",
       "      <td>0.206307</td>\n",
       "    </tr>\n",
       "    <tr>\n",
       "      <th>Romance</th>\n",
       "      <td>0.099414</td>\n",
       "      <td>0.060923</td>\n",
       "      <td>0.080168</td>\n",
       "      <td>-0.240059</td>\n",
       "      <td>0.240059</td>\n",
       "    </tr>\n",
       "  </tbody>\n",
       "</table>\n",
       "</div>"
      ],
      "text/plain": [
       "                    F         M       Ave       M_p       F_p\n",
       "Western      0.006872  0.010782  0.008827  0.221431 -0.221431\n",
       "Sci-Fi       0.054157  0.081393  0.067775  0.200933 -0.200933\n",
       "Action       0.090229  0.132721  0.111475  0.190593 -0.190593\n",
       "Horror       0.028927  0.038694  0.033810  0.144446 -0.144446\n",
       "Adventure    0.054023  0.066810  0.060416  0.105830 -0.105830\n",
       "War          0.027855  0.034109  0.030982  0.100927 -0.100927\n",
       "Crime        0.032498  0.039539  0.036018  0.097736 -0.097736\n",
       "Thriller     0.079670  0.093599  0.086634  0.080388 -0.080388\n",
       "Film-Noir    0.008305  0.008810  0.008557  0.029459 -0.029459\n",
       "Fantasy      0.017231  0.017284  0.017258  0.001521 -0.001521\n",
       "Documentary  0.003834  0.003741  0.003788 -0.012353  0.012353\n",
       "Mystery      0.019718  0.018925  0.019321 -0.020518  0.020518\n",
       "Comedy       0.190283  0.163113  0.176698 -0.076880  0.076880\n",
       "Drama        0.194002  0.160649  0.177326 -0.094046  0.094046\n",
       "Animation    0.024155  0.019470  0.021813 -0.107392  0.107392\n",
       "Children's   0.042134  0.031875  0.037004 -0.138611  0.138611\n",
       "Musical      0.026693  0.017563  0.022128 -0.206307  0.206307\n",
       "Romance      0.099414  0.060923  0.080168 -0.240059  0.240059"
      ]
     },
     "execution_count": 8,
     "metadata": {},
     "output_type": "execute_result"
    }
   ],
   "source": [
    "genre_df.sort_values(\"M_p\", ascending=False)"
   ]
  },
  {
   "cell_type": "code",
   "execution_count": 18,
   "metadata": {},
   "outputs": [],
   "source": [
    "f_c = genre_df.sort_values(\"F_p\", ascending=False).index.to_list()\n",
    "f_v = [\n",
    "    \"Crime\",\n",
    "    \"Film-Noir\",\n",
    "    \"Western\",\n",
    "    \"Horror\",\n",
    "    \"Musical\",\n",
    "    \"Action\",\n",
    "    \"Documentary\",\n",
    "    \"Drama\",\n",
    "    \"Thriller\",\n",
    "    \"Comedy\",\n",
    "    \"Sci-Fi\",\n",
    "    \"Mystery\",\n",
    "    \"Children's\",\n",
    "    \"Romance\",\n",
    "    \"War\",\n",
    "    \"Adventure\",\n",
    "    \"Fantasy\",\n",
    "    \"Animation\"\n",
    "]\n",
    "\n",
    "p_c = []\n",
    "for e in f_c:\n",
    "    for i, e2 in enumerate(f_v):\n",
    "        if e == e2:\n",
    "            p_c.append(i)\n",
    "\n",
    "p_v = list(range(len(f_v)))"
   ]
  },
  {
   "cell_type": "code",
   "execution_count": 20,
   "metadata": {},
   "outputs": [
    {
     "data": {
      "text/plain": [
       "SpearmanrResult(correlation=-0.3085655314757482, pvalue=0.2128287059586837)"
      ]
     },
     "execution_count": 20,
     "metadata": {},
     "output_type": "execute_result"
    }
   ],
   "source": [
    "from scipy.stats import spearmanr\n",
    "\n",
    "spearmanr(p_c, p_v)"
   ]
  },
  {
   "cell_type": "code",
   "execution_count": 14,
   "metadata": {},
   "outputs": [],
   "source": []
  },
  {
   "cell_type": "code",
   "execution_count": null,
   "metadata": {},
   "outputs": [],
   "source": []
  }
 ],
 "metadata": {
  "kernelspec": {
   "display_name": "Python 3.10.4 64-bit ('3.10.4')",
   "language": "python",
   "name": "python3"
  },
  "language_info": {
   "codemirror_mode": {
    "name": "ipython",
    "version": 3
   },
   "file_extension": ".py",
   "mimetype": "text/x-python",
   "name": "python",
   "nbconvert_exporter": "python",
   "pygments_lexer": "ipython3",
   "version": "3.10.4"
  },
  "orig_nbformat": 4,
  "vscode": {
   "interpreter": {
    "hash": "2a5fb540920344d2a30df49d123c0d51f1e8fc17e24494fc3a54f6f29186e4c7"
   }
  }
 },
 "nbformat": 4,
 "nbformat_minor": 2
}
